2.056000000000000000e+03
3.200000000000000000e+03
3.916000000000000000e+03
4.237000000000000000e+03
4.394000000000000000e+03
4.632000000000000000e+03
4.686000000000000000e+03
4.720000000000000000e+03
4.744000000000000000e+03
4.767000000000000000e+03
4.787000000000000000e+03
4.808000000000000000e+03
4.840000000000000000e+03
4.846000000000000000e+03
4.888000000000000000e+03
4.892000000000000000e+03
4.879000000000000000e+03
4.907000000000000000e+03
4.901000000000000000e+03
4.914000000000000000e+03
4.909000000000000000e+03
4.932000000000000000e+03
4.920000000000000000e+03
4.941000000000000000e+03
4.951000000000000000e+03
4.931000000000000000e+03
4.946000000000000000e+03
4.945000000000000000e+03
4.973000000000000000e+03
4.989000000000000000e+03
4.970000000000000000e+03
4.985000000000000000e+03
4.993000000000000000e+03
4.995000000000000000e+03
5.010000000000000000e+03
5.014000000000000000e+03
5.020000000000000000e+03
5.043000000000000000e+03
5.055000000000000000e+03
5.068000000000000000e+03
